# last update : 01.11.2024 18:56:23 UTC
JASON-3
1 41240U 16002A   24306.21218359 -.00000016  00000+0  19757-3 0  9995
2 41240  66.0408 286.7431 0008109 267.0340  92.9747 12.80930787411197

SARAL
1 39086U 13009A   24305.91396638  .00000716  00000+0  28013-3 0  9998
2 39086  98.5505 129.1751 0001043 213.9910 146.1207 14.32561613610650

SENTINEL-3A
1 41335U 16011A   24306.47871964  .00000795  00000+0  34669-3 0  9997
2 41335  98.6254  11.3023 0001204  93.5744 266.5574 14.26731269453548

SENTINEL-3B
1 43437U 18039A   24305.61023164  .00000775  00000+0  33836-3 0  9993
2 43437  98.6304  10.5708 0000886 130.5630 229.5627 14.26741174339481

HAIYANG-2B
1 43655U 18081A   24306.52124123  .00000081  00000+0  12230-3 0  9995
2 43655  99.3377 313.0416 0001981  69.2291 290.9073 13.79305505303227

CFOSAT
1 43662U 18083A   24306.52933920  .00014362  00000+0  73766-3 0  9996
2 43662  97.3716 317.3149 0002469 120.8164 239.3312 15.16596009332718

CRYOSAT 2
1 36508U 10013A   24306.50735006  .00000946  00000+0  23404-3 0  9992
2 36508  92.0160 134.2721 0003032 128.2341 231.9139 14.51897949772125

SENTINEL-6
1 46984U 20086A   24305.94262179 -.00000042  00000+0  81594-4 0  9998
2 46984  66.0404 287.2278 0007925 269.7782  90.2325 12.80930197184344

SENTINEL-1A
1 39634U 14016A   24306.49915907  .00001060  00000+0  23449-3 0  9997
2 39634  98.1821 311.6245 0001319  88.8816 271.2535 14.59201225563618

HAIYANG-2C
1 46469U 20066A   24306.49327263  .00000209  00000+0  26330-3 0  9991
2 46469  65.9960 250.9590 0005057 249.2889 110.7637 13.83376142207805

SWOT
1 54754U 22173A   24306.20387781  .00000325  00000+0  22205-3 0  9994
2 54754  77.6077 115.7787 0000434   1.0821 359.0331 14.00176703 96165

