# last update : 21.11.2024 22:14:40 UTC
JASON-3                 
1 41240U 16002A   24325.88731739 -.00000019  00000+0  18399-3 0  9995
2 41240  66.0419 245.8774 0007777 268.0885  91.9240 12.80927440413573

SARAL                   
1 39086U 13009A   24326.16881943  .00000272  00000+0  11631-3 0  9991
2 39086  98.5491 149.1582 0002126 151.2845 208.8456 14.32585507613554

SENTINEL-3A             
1 41335U 16011A   24326.18519696  .00000298  00000+0  14102-3 0  9996
2 41335  98.6227  30.7194 0001090  86.5607 273.5698 14.26738536456356

SENTINEL-3B             
1 43437U 18039A   24326.15831712  .00000292  00000+0  13868-3 0  9998
2 43437  98.6277  30.8287 0001369 112.6251 247.5074 14.26733131342411

HAIYANG-2B              
1 43655U 18081A   24326.17924435  .00000014  00000+0  56196-4 0  9998
2 43655  99.3369 332.4124 0001485  36.8752 323.2501 13.79304506305936

CFOSAT                  
1 43662U 18083A   24326.19345571  .00008039  00000+0  41622-3 0  9990
2 43662  97.3710 336.4205 0002284 143.8974 216.2414 15.16467739335690

CRYOSAT 2               
1 36508U 10013A   24325.94276784  .00000389  00000+0  95937-4 0  9996
2 36508  92.0150 138.9536 0004079  99.9988 260.1680 14.51901082774909

SENTINEL-6              
1 46984U 20086A   24325.77390200 -.00000036  00000+0  11022-3 0  9999
2 46984  66.0414 246.0369 0007810 270.2230  89.7891 12.80930759186883

SENTINEL-1A             
1 39634U 14016A   24326.11057538  .00000378  00000+0  89978-4 0  9996
2 39634  98.1813 330.9509 0001298  90.4169 269.7179 14.59200447566470

HAIYANG-2C              
1 46469U 20066A   24326.15744541  .00000039  00000+0  10924-3 0  9991
2 46469  65.9957 202.0021 0004396 258.1390 101.9185 13.83368553210529

SWOT                    
1 54754U 22173A   24325.92526193  .00000090  00000+0  63047-4 0  9995
2 54754  77.6100  89.1551 0000396 311.2533  48.8585 14.00168636 98924

